%YAML:1.0
---
_mLeftRotation: !!opencv-matrix
   rows: 3
   cols: 3
   dt: d
   data: [ 1., 0., 0., 0., 1., 0., 0., 0., 1. ]
_mRightRotation: !!opencv-matrix
   rows: 3
   cols: 3
   dt: d
   data: [ 9.9087858668742801e-01, 1.4455300667209223e-02,
       -1.3398011317709016e-01, -1.2442640373440960e-02,
       9.9979700160575069e-01, 1.5847279914474221e-02,
       1.3418199262517502e-01, -1.4035663959038831e-02,
       9.9085730203312650e-01 ]
_mLeftTranslation: !!opencv-matrix
   rows: 3
   cols: 1
   dt: d
   data: [ 0., 0., 0. ]
_mRightTranslation: !!opencv-matrix
   rows: 3
   cols: 1
   dt: d
   data: [ 1.6491121531247828e+02, -4.9826115729908815e-01,
       1.0701413951842115e+01 ]
_mdisMl: !!opencv-matrix
   rows: 1
   cols: 5
   dt: d
   data: [ 6.8392051189015174e-02, -1.0998404373533645e-02,
       -1.1531378836621394e-03, -1.9537961656061077e-03,
       -2.9932955147306439e-01 ]
_mdisMr: !!opencv-matrix
   rows: 1
   cols: 5
   dt: d
   data: [ 4.9835395132854496e-02, 1.2707471635153786e-01,
       -6.5352938982084013e-04, -2.7902156610020317e-03,
       -7.4000415305752409e-01 ]
_mLeftIntrinsic: !!opencv-matrix
   rows: 3
   cols: 3
   dt: d
   data: [ 1.1545443131692209e+03, -1.5659451534525679e-01,
       6.3449656222419355e+02, 0., 1.1545714377781815e+03,
       4.8030121494551355e+02, 0., 0., 1. ]
_mRightIntrinsic: !!opencv-matrix
   rows: 3
   cols: 3
   dt: d
   data: [ 1.1506983837936418e+03, 2.3702244871624209e-01,
       6.4904654501024697e+02, 0., 1.1509983663012088e+03,
       4.3172978119853866e+02, 0., 0., 1. ]
F: !!opencv-matrix
   rows: 3
   cols: 3
   dt: d
   data: [ 4.9901813899777023e-08, -8.0479700556756394e-06,
       3.2573599263115475e-03, -8.6722196007648975e-06,
       1.8586436856386360e-06, -1.3860251405571994e-01,
       2.3620308139490355e-03, 1.4723140682749597e-01,
       -7.4643443233220808e+00 ]
